a
20
0.16 4.11 -0.15 1.06 5.09 -0.91
0.16 4.21 -0.14 1.19 5.19 -0.91
0.26 4.23 -0.32 1.33 5.38 -0.61
0.39 4.38 -0.36 1.42 5.44 -0.56
0.43 4.53 -0.50 1.46 5.47 -0.44
0.56 4.54 -0.59 1.70 5.60 -0.38
0.65 4.78 -0.69 1.73 5.65 -0.26
0.82 4.74 -0.80 1.78 5.81 -0.21
2.89 4.85 -0.92 1.94 5.99 -0.16
1.12 5.08 -0.99 1.98 5.97 0.04
1.07 5.08 -1.06 2.12 6.14 0.13
1.18 5.17 -1.16 2.17 6.26 0.24
1.31 5.30 -1.28 2.48 6.29 0.22
1.50 5.43 -1.43 2.53 6.43 0.41
1.46 5.45 -1.59 2.48 6.45 0.53
1.58 5.69 -1.52 2.61 6.59 0.66
1.64 7.73 -1.73 2.68 6.67 0.73
1.76 5.75 -1.77 2.78 6.82 0.78
1.91 5.77 -1.88 2.99 6.95 0.95
1.99 6.01 -1.99 3.00 6.96 0.98