d
20
5.19 -3.77 1.88 6.34 -2.78 1.16
5.44 -3.67 1.59 6.41 -2.53 1.47
5.60 -3.35 1.38 6.63 -2.30 1.61
5.78 -3.23 1.24 6.87 -2.09 1.80
6.01 -3.03 1.08 10.00 -2.02 2.11
6.24 -2.76 0.75 7.22 -1.77 2.15
6.39 -2.62 0.63 7.35 -1.55 2.49
6.58 -2.40 0.43 7.66 -1.37 2.62
6.78 -2.21 0.23 7.88 -1.17 2.74
7.02 -2.00 -0.01 7.99 -1.04 2.98
7.16 -1.82 -0.19 8.21 -0.81 3.19
7.40 -1.58 -0.34 8.43 -0.61 3.43
7.59 -1.49 -0.72 8.51 -0.41 3.57
7.76 -1.20 -0.83 8.77 -0.17 3.84
8.12 -0.98 -1.00 8.97 -0.01 4.00
8.11 -0.81 -1.16 9.17 0.22 4.25
8.45 -0.56 -1.51 9.37 0.45 4.42
8.60 -0.38 -1.54 9.61 0.56 4.59
8.79 -0.16 -1.78 9.83 0.81 4.78
9.00 0.01 -2.07 10.01 1.05 4.99