4.04 -4.76 2.6
4.47 -4.81 1.71
4.57 -4.4 1.15
4.69 -4.37 0.68
4.69 -4.37 0.68
5.26 -3.75 -0.65
5.43 -3.69 -1.23
5.5 -3.43 -1.76
5.68 -3.25 -2.28
6.05 -2.96 -3
6.11 -2.83 -3.57
6.37 -2.55 -4.11
6.67 -2.57 -5.01
6.75 -2.23 -5.5
7.27 -1.95 -6
7.05 -1.84 -6.57
7.53 -1.57 -7.44
7.59 -1.32 -7.67
7.75 -1.13 -8.34
7.99 -1.03 -9.13
4.04 -4.76 2.6
4.47 -4.81 1.71
4.57 -4.4 1.15
4.69 -4.37 0.68
4.69 -4.37 0.68
5.26 -3.75 -0.65
5.43 -3.69 -1.23
5.5 -3.43 -1.76
5.68 -3.25 -2.28
6.05 -2.96 -3
6.11 -2.83 -3.57
6.37 -2.55 -4.11
6.67 -2.57 -5.01
6.75 -2.23 -5.5
7.27 -1.95 -6
7.05 -1.84 -6.57
7.53 -1.57 -7.44
7.59 -1.32 -7.67
7.75 -1.13 -8.34
7.99 -1.03 -9.13
4.04 -4.76 2.6
4.47 -4.81 1.71
4.57 -4.4 1.15
4.69 -4.37 0.68
4.69 -4.37 0.68
5.26 -3.75 -0.65
5.43 -3.69 -1.23
5.5 -3.43 -1.76
5.68 -3.25 -2.28
6.05 -2.96 -3
6.11 -2.83 -3.57
6.37 -2.55 -4.11
6.67 -2.57 -5.01
6.75 -2.23 -5.5
7.27 -1.95 -6
7.05 -1.84 -6.57
7.53 -1.57 -7.44
7.59 -1.32 -7.67
7.75 -1.13 -8.34
7.99 -1.03 -9.13
4.04 -4.76 2.6
4.47 -4.81 1.71
4.57 -4.4 1.15
4.69 -4.37 0.68
4.69 -4.37 0.68
5.26 -3.75 -0.65
5.43 -3.69 -1.23
5.5 -3.43 -1.76
5.68 -3.25 -2.28
6.05 -2.96 -3
6.11 -2.83 -3.57
6.37 -2.55 -4.11
6.67 -2.57 -5.01
6.75 -2.23 -5.5
7.27 -1.95 -6
7.05 -1.84 -6.57
7.53 -1.57 -7.44
7.59 -1.32 -7.67
7.75 -1.13 -8.34
7.99 -1.03 -9.13
4.04 -4.76 2.6
4.47 -4.81 1.71
4.57 -4.4 1.15
4.69 -4.37 0.68
4.69 -4.37 0.68
5.26 -3.75 -0.65
5.43 -3.69 -1.23
5.5 -3.43 -1.76
5.68 -3.25 -2.28
6.05 -2.96 -3
6.11 -2.83 -3.57
6.37 -2.55 -4.11
6.67 -2.57 -5.01
6.75 -2.23 -5.5
7.27 -1.95 -6
7.05 -1.84 -6.57
7.53 -1.57 -7.44
7.59 -1.32 -7.67
7.75 -1.13 -8.34
7.99 -1.03 -9.13
4.04 -4.76 2.6
4.47 -4.81 1.71
4.57 -4.4 1.15
4.69 -4.37 0.68
4.69 -4.37 0.68
5.26 -3.75 -0.65
5.43 -3.69 -1.23
5.5 -3.43 -1.76
5.68 -3.25 -2.28
6.05 -2.96 -3
6.11 -2.83 -3.57
6.37 -2.55 -4.11
6.67 -2.57 -5.01
6.75 -2.23 -5.5
7.27 -1.95 -6
7.05 -1.84 -6.57
7.53 -1.57 -7.44
7.59 -1.32 -7.67
7.75 -1.13 -8.34
7.99 -1.03 -9.13
4.04 -4.76 2.6
4.47 -4.81 1.71
4.57 -4.4 1.15
4.69 -4.37 0.68
4.69 -4.37 0.68
5.26 -3.75 -0.65
5.43 -3.69 -1.23
5.5 -3.43 -1.76
5.68 -3.25 -2.28
6.05 -2.96 -3
6.11 -2.83 -3.57
6.37 -2.55 -4.11
6.67 -2.57 -5.01
6.75 -2.23 -5.5
7.27 -1.95 -6
7.05 -1.84 -6.57
7.53 -1.57 -7.44
7.59 -1.32 -7.67
7.75 -1.13 -8.34
7.99 -1.03 -9.13
4.04 -4.76 2.6
4.47 -4.81 1.71
4.57 -4.4 1.15
4.69 -4.37 0.68
4.69 -4.37 0.68
5.26 -3.75 -0.65
5.43 -3.69 -1.23
5.5 -3.43 -1.76
5.68 -3.25 -2.28
6.05 -2.96 -3
6.11 -2.83 -3.57
6.37 -2.55 -4.11
6.67 -2.57 -5.01
6.75 -2.23 -5.5
7.27 -1.95 -6
7.05 -1.84 -6.57
7.53 -1.57 -7.44
7.59 -1.32 -7.67
7.75 -1.13 -8.34
7.99 -1.03 -9.13
4.04 -4.76 2.6
4.47 -4.81 1.71
4.57 -4.4 1.15
4.69 -4.37 0.68
4.69 -4.37 0.68
5.26 -3.75 -0.65
5.43 -3.69 -1.23
5.5 -3.43 -1.76
5.68 -3.25 -2.28
6.05 -2.96 -3
6.11 -2.83 -3.57
6.37 -2.55 -4.11
6.67 -2.57 -5.01
6.75 -2.23 -5.5
7.27 -1.95 -6
7.05 -1.84 -6.57
7.53 -1.57 -7.44
7.59 -1.32 -7.67
7.75 -1.13 -8.34
7.99 -1.03 -9.13
4.04 -4.76 2.6
4.47 -4.81 1.71
4.57 -4.4 1.15
4.69 -4.37 0.68
4.69 -4.37 0.68
5.26 -3.75 -0.65
5.43 -3.69 -1.23
5.5 -3.43 -1.76
5.68 -3.25 -2.28
6.05 -2.96 -3
6.11 -2.83 -3.57
6.37 -2.55 -4.11
6.67 -2.57 -5.01
6.75 -2.23 -5.5
7.27 -1.95 -6
7.05 -1.84 -6.57
7.53 -1.57 -7.44
7.59 -1.32 -7.67
7.75 -1.13 -8.34
7.99 -1.03 -9.13
4.04 -4.76 2.6
4.47 -4.81 1.71
4.57 -4.4 1.15
4.69 -4.37 0.68
4.69 -4.37 0.68
5.26 -3.75 -0.65
5.43 -3.69 -1.23
5.5 -3.43 -1.76
5.68 -3.25 -2.28
6.05 -2.96 -3
6.11 -2.83 -3.57
6.37 -2.55 -4.11
6.67 -2.57 -5.01
6.75 -2.23 -5.5
7.27 -1.95 -6
7.05 -1.84 -6.57
7.53 -1.57 -7.44
7.59 -1.32 -7.67
7.75 -1.13 -8.34
7.99 -1.03 -9.13
4.04 -4.76 2.6
4.47 -4.81 1.71
4.57 -4.4 1.15
4.69 -4.37 0.68
4.69 -4.37 0.68
5.26 -3.75 -0.65
5.43 -3.69 -1.23
5.5 -3.43 -1.76
5.68 -3.25 -2.28
6.05 -2.96 -3
6.11 -2.83 -3.57
6.37 -2.55 -4.11
6.67 -2.57 -5.01
6.75 -2.23 -5.5
7.27 -1.95 -6
7.05 -1.84 -6.57
7.53 -1.57 -7.44
7.59 -1.32 -7.67
7.75 -1.13 -8.34
7.99 -1.03 -9.13
4.04 -4.76 2.6
4.47 -4.81 1.71
4.57 -4.4 1.15
4.69 -4.37 0.68
4.69 -4.37 0.68
5.26 -3.75 -0.65
5.43 -3.69 -1.23
5.5 -3.43 -1.76
5.68 -3.25 -2.28
6.05 -2.96 -3
6.11 -2.83 -3.57
6.37 -2.55 -4.11
6.67 -2.57 -5.01
6.75 -2.23 -5.5
7.27 -1.95 -6
7.05 -1.84 -6.57
7.53 -1.57 -7.44
7.59 -1.32 -7.67
7.75 -1.13 -8.34
7.99 -1.03 -9.13
4.04 -4.76 2.6
4.47 -4.81 1.71
4.57 -4.4 1.15
4.69 -4.37 0.68
4.69 -4.37 0.68
5.26 -3.75 -0.65
5.43 -3.69 -1.23
5.5 -3.43 -1.76
5.68 -3.25 -2.28
6.05 -2.96 -3
6.11 -2.83 -3.57
6.37 -2.55 -4.11
6.67 -2.57 -5.01
6.75 -2.23 -5.5
7.27 -1.95 -6
7.05 -1.84 -6.57
7.53 -1.57 -7.44
7.59 -1.32 -7.67
7.75 -1.13 -8.34
7.99 -1.03 -9.13
4.04 -4.76 2.6
4.47 -4.81 1.71
4.57 -4.4 1.15
4.69 -4.37 0.68
4.69 -4.37 0.68
5.26 -3.75 -0.65
5.43 -3.69 -1.23
5.5 -3.43 -1.76
5.68 -3.25 -2.28
6.05 -2.96 -3
6.11 -2.83 -3.57
6.37 -2.55 -4.11
6.67 -2.57 -5.01
6.75 -2.23 -5.5
7.27 -1.95 -6
7.05 -1.84 -6.57
7.53 -1.57 -7.44
7.59 -1.32 -7.67
7.75 -1.13 -8.34
7.99 -1.03 -9.13
